1305031910.000000 0.0000000 0.0000000 0.0000000 -0.0000000 -0.0000000 -0.0000000 1.0000000
1305031910.233333 0.0042951 0.0050036 0.0277382 -0.0030468 0.0017037 -0.0013170 0.9999930
1305031910.266666 0.0049665 0.0056401 0.0318696 -0.0034711 0.0018396 -0.0014510 0.9999912
1305031910.400000 0.0074985 0.0082563 0.0477100 -0.0051329 0.0026396 -0.0021485 0.9999810
1305031910.533333 0.0100174 0.0109171 0.0634789 -0.0063601 0.0034576 -0.0027190 0.9999701
1305031910.633333 0.0117194 0.0130088 0.0753588 -0.0073261 0.0039990 -0.0031938 0.9999601
1305031910.733333 0.0134792 0.0150235 0.0875166 -0.0080820 0.0045922 -0.0033754 0.9999511
1305031910.866666 0.0159177 0.0178244 0.1037674 -0.0089118 0.0052108 -0.0034796 0.9999406
1305031910.999999 0.0184358 0.0207871 0.1203102 -0.0095764 0.0056507 -0.0034175 0.9999323
1305031911.166666 0.0216072 0.0245531 0.1408106 -0.0102765 0.0060321 -0.0028924 0.9999248
1305031911.233332 0.0228742 0.0261467 0.1492338 -0.0105920 0.0061781 -0.0026948 0.9999212
1305031911.299999 0.0241046 0.0276693 0.1575200 -0.0107403 0.0063942 -0.0023607 0.9999191
1305031911.633332 0.0308077 0.0343798 0.1996113 -0.0113864 0.0063076 -0.0006734 0.9999151
1305031911.833332 0.0346461 0.0384991 0.2247600 -0.0115555 0.0061021 0.0007112 0.9999143
1305031911.933331 0.0367093 0.0407863 0.2372556 -0.0117424 0.0058983 0.0013148 0.9999128
1305031912.033331 0.0388449 0.0431065 0.2498928 -0.0119848 0.0059276 0.0018512 0.9999089
1305031912.133331 0.0410071 0.0452513 0.2627542 -0.0124246 0.0058385 0.0022962 0.9999031
1305031912.233331 0.0431358 0.0473787 0.2756511 -0.0128875 0.0057496 0.0027414 0.9998966
1305031912.333331 0.0451666 0.0495311 0.2882827 -0.0135049 0.0056427 0.0030680 0.9998882
1305031912.433331 0.0473758 0.0518603 0.3012322 -0.0141410 0.0056554 0.0033478 0.9998784
1305031912.533331 0.0496386 0.0540250 0.3141192 -0.0147706 0.0060000 0.0036131 0.9998664
1305031912.633331 0.0518563 0.0559918 0.3275183 -0.0154092 0.0060786 0.0035845 0.9998564
1305031912.733331 0.0539556 0.0579884 0.3404976 -0.0162722 0.0061839 0.0035516 0.9998422
1305031912.833331 0.0560486 0.0603238 0.3537369 -0.0170201 0.0064643 0.0034173 0.9998285
1305031912.966664 0.0588661 0.0636705 0.3713547 -0.0180793 0.0069806 0.0031100 0.9998074
1305031913.066664 0.0609024 0.0660531 0.3845988 -0.0187242 0.0075012 0.0027502 0.9997928
1305031913.166664 0.0630691 0.0685469 0.3978827 -0.0194304 0.0080259 0.0024052 0.9997761
1305031913.266664 0.0652933 0.0711196 0.4112710 -0.0201911 0.0086983 0.0020177 0.9997563
1305031913.399997 0.0682144 0.0743433 0.4296794 -0.0210306 0.0097460 0.0014735 0.9997302
1305031913.533330 0.0712154 0.0775391 0.4481085 -0.0219878 0.0107420 0.0007756 0.9997002
1305031913.666663 0.0742715 0.0807110 0.4666398 -0.0226599 0.0118602 0.0001407 0.9996729
1305031913.799996 0.0773315 0.0840106 0.4852724 -0.0234417 0.0130749 -0.0004619 0.9996396
1305031913.933330 0.0806232 0.0873934 0.5041825 -0.0240830 0.0143334 -0.0009221 0.9996068
1305031914.066663 0.0838517 0.0910081 0.5238259 -0.0246391 0.0157051 -0.0014803 0.9995720
1305031914.199996 0.0870864 0.0947200 0.5433976 -0.0252386 0.0169314 -0.0018120 0.9995364
1305031914.333329 0.0903952 0.0984915 0.5632077 -0.0258842 0.0180638 -0.0020203 0.9994997
1305031914.466662 0.0936953 0.1021026 0.5828318 -0.0266242 0.0191778 -0.0020052 0.9994596
1305031914.599996 0.0970683 0.1058565 0.6024668 -0.0274848 0.0203441 -0.0020247 0.9994131
1305031914.766662 0.1012447 0.1103737 0.6276920 -0.0283821 0.0215072 -0.0018587 0.9993640
1305031914.899995 0.1045539 0.1141035 0.6475060 -0.0292524 0.0223342 -0.0017461 0.9993210
1305031915.033329 0.1079453 0.1179186 0.6677759 -0.0300486 0.0232242 -0.0016130 0.9992773
1305031915.166662 0.1113785 0.1218000 0.6885136 -0.0308119 0.0241564 -0.0014006 0.9992323
1305031915.299995 0.1148879 0.1258649 0.7091522 -0.0316171 0.0247870 -0.0014048 0.9991917
1305031915.466661 0.1191783 0.1310765 0.7347571 -0.0326416 0.0257369 -0.0013090 0.9991348
1305031915.633328 0.1236001 0.1357271 0.7605676 -0.0331692 0.0263721 -0.0012608 0.9991010
1305031915.799994 0.1278279 0.1404701 0.7861999 -0.0339897 0.0267593 -0.0013872 0.9990630
1305031915.933328 0.1313580 0.1440251 0.8064579 -0.0340491 0.0272047 -0.0015043 0.9990487
1305031916.099994 0.1356570 0.1485548 0.8319852 -0.0341338 0.0273981 -0.0016080 0.9990404
1305031916.233327 0.1390210 0.1522040 0.8519801 -0.0339790 0.0275412 -0.0017344 0.9990415
1305031916.399994 0.1431122 0.1567760 0.8767678 -0.0334659 0.0278159 -0.0018498 0.9990510
1305031916.533327 0.1465096 0.1605668 0.8969692 -0.0329268 0.0278117 -0.0021153 0.9990685
1305031916.699994 0.1507265 0.1649928 0.9217958 -0.0321084 0.0277991 -0.0023191 0.9990950
1305031916.866660 0.1548015 0.1694947 0.9459793 -0.0309935 0.0277340 -0.0028172 0.9991308
1305031917.033327 0.1587859 0.1741635 0.9704127 -0.0298444 0.0277122 -0.0031885 0.9991652
1305031917.199993 0.1627579 0.1787798 0.9945966 -0.0284886 0.0276506 -0.0035848 0.9992052
1305031917.366660 0.1669005 0.1834066 1.0186797 -0.0272175 0.0277204 -0.0039662 0.9992372
1305031917.499993 0.1703382 0.1867751 1.0375524 -0.0261076 0.0275029 -0.0041964 0.9992719
1305031917.666659 0.1743568 0.1910668 1.0610816 -0.0247932 0.0275798 -0.0044216 0.9993023
1305031917.799993 0.1773551 0.1946025 1.0797731 -0.0238828 0.0276730 -0.0049272 0.9993196
1305031917.933326 0.1805933 0.1980515 1.0980628 -0.0230151 0.0276336 -0.0050490 0.9993404
1305031918.099992 0.1843885 0.2025040 1.1205455 -0.0217352 0.0276390 -0.0053539 0.9993673
1305031918.266659 0.1882639 0.2066373 1.1441089 -0.0206976 0.0279005 -0.0053880 0.9993819
1305031918.466659 0.1929513 0.2114098 1.1707810 -0.0193907 0.0281378 -0.0052521 0.9994022
1305031918.633325 0.1967457 0.2153733 1.1929579 -0.0182315 0.0284617 -0.0047352 0.9994174
1305031918.799992 0.2004257 0.2193613 1.2141670 -0.0170475 0.0289029 -0.0043959 0.9994272
1305031918.966658 0.2039371 0.2233796 1.2354126 -0.0159070 0.0293298 -0.0038310 0.9994359
1305031919.133325 0.2073362 0.2271772 1.2559468 -0.0148935 0.0295946 -0.0032212 0.9994459
1305031919.299991 0.2107647 0.2307048 1.2760122 -0.0138522 0.0298872 -0.0026263 0.9994538
1305031919.499991 0.2149224 0.2346638 1.2996734 -0.0124423 0.0299872 -0.0018034 0.9994712
1305031919.666657 0.2181374 0.2381795 1.3191341 -0.0115622 0.0300251 -0.0013165 0.9994814
1305031919.866657 0.2222227 0.2424780 1.3430605 -0.0105554 0.0298537 -0.0007068 0.9994983
1305031920.099990 0.2267293 0.2475726 1.3698181 -0.0095282 0.0295466 -0.0005159 0.9995179
1305031920.333323 0.2308101 0.2522630 1.3954217 -0.0090894 0.0284408 -0.0007336 0.9995539
1305031920.533323 0.2340887 0.2561723 1.4161940 -0.0095094 0.0272489 -0.0011660 0.9995828
1305031920.766656 0.2376355 0.2599607 1.4388251 -0.0102785 0.0255761 -0.0017129 0.9996186
1305031920.966656 0.2407658 0.2634408 1.4563543 -0.0113758 0.0241114 -0.0020286 0.9996425
1305031921.366656 0.2470666 0.2692521 1.4951974 -0.0154237 0.0210271 -0.0027232 0.9996562
1305031921.566656 0.2499827 0.2731337 1.5121357 -0.0173225 0.0200100 -0.0028155 0.9996458
1305031921.766655 0.2530198 0.2759594 1.5307037 -0.0202613 0.0187557 -0.0027617 0.9996150
1305031921.966655 0.2562262 0.2790813 1.5481226 -0.0225797 0.0176792 -0.0026994 0.9995851
1305031922.199988 0.2599480 0.2838531 1.5678563 -0.0254704 0.0167535 -0.0024748 0.9995321
1305031922.433321 0.2636594 0.2883092 1.5877076 -0.0284693 0.0159878 -0.0018094 0.9994652
1305031922.699988 0.2676755 0.2923837 1.6111372 -0.0313650 0.0151447 -0.0010831 0.9993927
1305031922.933321 0.2709538 0.2962875 1.6316226 -0.0337782 0.0139283 -0.0006243 0.9993321
1305031923.199987 0.2748662 0.3008615 1.6569490 -0.0362193 0.0124643 -0.0004078 0.9992660
1305031923.399987 0.2776822 0.3046549 1.6766011 -0.0377013 0.0111794 -0.0002712 0.9992265
1305031923.599987 0.2805896 0.3084027 1.6965842 -0.0388396 0.0094312 -0.0004006 0.9992009
1305031923.833320 0.2838639 0.3126957 1.7209291 -0.0396238 0.0069971 -0.0006573 0.9991900
1305031924.099987 0.2874375 0.3182124 1.7488927 -0.0400920 0.0035144 -0.0010646 0.9991893
1305031924.399986 0.2912433 0.3243584 1.7816261 -0.0394663 -0.0009193 -0.0014948 0.9992194
1305031924.599986 0.2936282 0.3283166 1.8032838 -0.0384560 -0.0043186 -0.0015584 0.9992498
1305031924.799986 0.2958431 0.3322646 1.8256859 -0.0372895 -0.0080624 -0.0015034 0.9992709
1305031924.999986 0.2979002 0.3363508 1.8482906 -0.0358959 -0.0118734 -0.0013677 0.9992841
1305031925.199986 0.2999822 0.3407617 1.8718807 -0.0344855 -0.0155664 -0.0010956 0.9992834
1305031925.433319 0.3021575 0.3461125 1.9003357 -0.0327450 -0.0201968 -0.0008403 0.9992593
1305031925.666652 0.3041600 0.3514325 1.9289532 -0.0315842 -0.0247462 -0.0000617 0.9991947
1305031925.866652 0.3056803 0.3560599 1.9535806 -0.0309999 -0.0285434 0.0009587 0.9991113
1305031926.099985 0.3071109 0.3616835 1.9835070 -0.0307763 -0.0326171 0.0019695 0.9989920
1305031926.399984 0.3087592 0.3690047 2.0224290 -0.0309975 -0.0373867 0.0034458 0.9988140
1305031926.666651 0.3100165 0.3757062 2.0579233 -0.0314027 -0.0412330 0.0047200 0.9986448
1305031926.899984 0.3109019 0.3816797 2.0886455 -0.0315992 -0.0439991 0.0055076 0.9985166
1305031927.266650 0.3116925 0.3907518 2.1374116 -0.0315739 -0.0484110 0.0064000 0.9983078
1305031927.499983 0.3118303 0.3963421 2.1675417 -0.0311652 -0.0510451 0.0068324 0.9981866
1305031927.733316 0.3117760 0.4016572 2.1967711 -0.0308820 -0.0537372 0.0072131 0.9980514
1305031928.099983 0.3111607 0.4107046 2.2439544 -0.0304098 -0.0575132 0.0078106 0.9978510
1305031928.299983 0.3106006 0.4156947 2.2693627 -0.0303238 -0.0593177 0.0080951 0.9977456
1305031928.499982 0.3100184 0.4208227 2.2955632 -0.0302139 -0.0610504 0.0084632 0.9976414
1305031928.733315 0.3094417 0.4267918 2.3264213 -0.0302001 -0.0631103 0.0088390 0.9975104
1305031928.933315 0.3088819 0.4319404 2.3529396 -0.0301079 -0.0646218 0.0094373 0.9974109
1305031929.099982 0.3083054 0.4361184 2.3748858 -0.0298587 -0.0656626 0.0101655 0.9973433
1305031929.266648 0.3077739 0.4402676 2.3960838 -0.0294946 -0.0666643 0.0107419 0.9972816
1305031929.399981 0.3073435 0.4435229 2.4130702 -0.0291422 -0.0673603 0.0114169 0.9972377
1305031929.533315 0.3068053 0.4467759 2.4302390 -0.0285431 -0.0680044 0.0119827 0.9972047
1305031929.666648 0.3062787 0.4499390 2.4468734 -0.0278666 -0.0687501 0.0125785 0.9971653
1305031929.799981 0.3057251 0.4531397 2.4635763 -0.0269446 -0.0694082 0.0129245 0.9971406
1305031929.966648 0.3048668 0.4572091 2.4842820 -0.0254672 -0.0702401 0.0131386 0.9971185
1305031930.099981 0.3042150 0.4604930 2.5013633 -0.0241587 -0.0710640 0.0132676 0.9970909
1305031930.233314 0.3035654 0.4636333 2.5180242 -0.0230666 -0.0720335 0.0133927 0.9970455
1305031930.366647 0.3029047 0.4667369 2.5347626 -0.0224002 -0.0732911 0.0133084 0.9969702
1305031930.499980 0.3020198 0.4698313 2.5511372 -0.0220897 -0.0744794 0.0131136 0.9968916
1305031930.633314 0.3010137 0.4731241 2.5675216 -0.0216298 -0.0757883 0.0128600 0.9968064
1305031930.899980 0.2986774 0.4793223 2.5999634 -0.0212898 -0.0789614 0.0126693 0.9965698
1305031931.066647 0.2971600 0.4831768 2.6199629 -0.0220374 -0.0814116 0.0126079 0.9963571
1305031931.199980 0.2957603 0.4862747 2.6360233 -0.0231506 -0.0831937 0.0128051 0.9961821
1305031931.533313 0.2923249 0.4937215 2.6750815 -0.0258063 -0.0881342 0.0131591 0.9956874
1305031931.666646 0.2909510 0.4966140 2.6904392 -0.0269449 -0.0900133 0.0136239 0.9954828
1305031931.799979 0.2891122 0.4993483 2.7066350 -0.0288777 -0.0918246 0.0139343 0.9952589
1305031932.133312 0.2851511 0.5057892 2.7436895 -0.0298465 -0.0971668 0.0141759 0.9947195
1305031932.433312 0.2813158 0.5128102 2.7769806 -0.0308999 -0.1016032 0.0145096 0.9942392
1305031932.599978 0.2790800 0.5159576 2.7949958 -0.0322551 -0.1045548 0.0141162 0.9938957
1305031932.799978 0.2765164 0.5205174 2.8158360 -0.0319657 -0.1080950 0.0139386 0.9935288
1305031932.966645 0.2743311 0.5241137 2.8337440 -0.0318236 -0.1107514 0.0136712 0.9932444
1305031933.099978 0.2722742 0.5267597 2.8489597 -0.0316843 -0.1127050 0.0133574 0.9930334
1305031933.466644 0.2665392 0.5350578 2.8888218 -0.0315877 -0.1186724 0.0123855 0.9923536
1305031933.599977 0.2644061 0.5379454 2.9034598 -0.0319140 -0.1206823 0.0121049 0.9921042
1305031933.733311 0.2621311 0.5408006 2.9185882 -0.0326800 -0.1226109 0.0119329 0.9918448
1305031933.866644 0.2597445 0.5435310 2.9337857 -0.0335174 -0.1243701 0.0118179 0.9915993
1305031933.999977 0.2573253 0.5464834 2.9489250 -0.0341156 -0.1258699 0.0118252 0.9913895
1305031934.199977 0.2535408 0.5510687 2.9717596 -0.0347404 -0.1277174 0.0123250 0.9911254
1305031934.333310 0.2508295 0.5541071 2.9876988 -0.0356310 -0.1286666 0.0127729 0.9909653
1305031934.466643 0.2480216 0.5573225 3.0035715 -0.0364352 -0.1292907 0.0130732 0.9908509
1305031934.599977 0.2450867 0.5606613 3.0197873 -0.0372277 -0.1297061 0.0133784 0.9907631
1305031934.866643 0.2395312 0.5670605 3.0532165 -0.0382967 -0.1304362 0.0140704 0.9906169
1305031934.999976 0.2366461 0.5703835 3.0701108 -0.0384891 -0.1307254 0.0142438 0.9905688
1305031935.099976 0.2343872 0.5727831 3.0828214 -0.0384980 -0.1307467 0.0142437 0.9905657
1305031935.233309 0.2311592 0.5762672 3.1000781 -0.0384692 -0.1308732 0.0142696 0.9905497
1305031935.333309 0.2287371 0.5788683 3.1130569 -0.0383639 -0.1309893 0.0142188 0.9905392
1305031935.466642 0.2253581 0.5824270 3.1302233 -0.0381286 -0.1312445 0.0139272 0.9905186
1305031935.599976 0.2218272 0.5860465 3.1477966 -0.0377945 -0.1316807 0.0136163 0.9904779
1305031935.733309 0.2182145 0.5896447 3.1650062 -0.0372325 -0.1320704 0.0131011 0.9904542
1305031935.999975 0.2112741 0.5962905 3.1986718 -0.0364910 -0.1339528 0.0124898 0.9902369
1305031936.333308 0.2017859 0.6052084 3.2439642 -0.0349278 -0.1369269 0.0116081 0.9898972
1305031936.433308 0.1990565 0.6080247 3.2572961 -0.0343402 -0.1379145 0.0116079 0.9897806
1305031936.666641 0.1917762 0.6145629 3.2901113 -0.0335014 -0.1405674 0.0116601 0.9894354
1305031936.799974 0.1875996 0.6183829 3.3089147 -0.0330069 -0.1422491 0.0120736 0.9892067
1305031936.933308 0.1831909 0.6221712 3.3280118 -0.0328850 -0.1440365 0.0125560 0.9889461
1305031937.066641 0.1788155 0.6259279 3.3469932 -0.0327450 -0.1457684 0.0130415 0.9886907
1305031937.233307 0.1731376 0.6308599 3.3712044 -0.0326793 -0.1476733 0.0136352 0.9884021
1305031937.366641 0.1685931 0.6349812 3.3907933 -0.0327000 -0.1490263 0.0142432 0.9881898
1305031937.499974 0.1638756 0.6391066 3.4103708 -0.0328720 -0.1503127 0.0148449 0.9879804
1305031937.633307 0.1591039 0.6431685 3.4298408 -0.0330034 -0.1515652 0.0153643 0.9877766
1305031937.766640 0.1542445 0.6472357 3.4494934 -0.0331823 -0.1526919 0.0159842 0.9875873
1305031937.899973 0.1492281 0.6512091 3.4695413 -0.0332622 -0.1538285 0.0164814 0.9874000
1305031938.066640 0.1428399 0.6562843 3.4947846 -0.0333429 -0.1552512 0.0168820 0.9871678
1305031938.199973 0.1378325 0.6601847 3.5143454 -0.0332327 -0.1565319 0.0170051 0.9869672
1305031938.366640 0.1313418 0.6651464 3.5385501 -0.0328954 -0.1579980 0.0169999 0.9867449
1305031938.499973 0.1262151 0.6690356 3.5573916 -0.0323405 -0.1591467 0.0172477 0.9865744
1305031938.633306 0.1210650 0.6728971 3.5764389 -0.0314019 -0.1602313 0.0171559 0.9864307
1305031938.799973 0.1144309 0.6777542 3.6003549 -0.0300798 -0.1618318 0.0172730 0.9862086
1305031938.966639 0.1077512 0.6826374 3.6242113 -0.0285184 -0.1634187 0.0173134 0.9859926
1305031939.099972 0.1027004 0.6863249 3.6429181 -0.0271435 -0.1647135 0.0176522 0.9858099
1305031939.233305 0.0973485 0.6901529 3.6623235 -0.0257465 -0.1659559 0.0179872 0.9856330
1305031939.366639 0.0918935 0.6939205 3.6813459 -0.0241791 -0.1669581 0.0181442 0.9855005
1305031939.466639 0.0877021 0.6967818 3.6957095 -0.0230290 -0.1677934 0.0183186 0.9853829
1305031939.933305 0.0680414 0.7106242 3.7649062 -0.0186851 -0.1709970 0.0197781 0.9848958
1305031940.033305 0.0637551 0.7138878 3.7801614 -0.0181488 -0.1715712 0.0202648 0.9847961
1305031940.133305 0.0594094 0.7170458 3.7953296 -0.0177199 -0.1719713 0.0205881 0.9847274
1305031940.266638 0.0536026 0.7212645 3.8151281 -0.0171188 -0.1722338 0.0209483 0.9846845
1305031940.533304 0.0414839 0.7300203 3.8559022 -0.0169751 -0.1722382 0.0220145 0.9846630
1305031940.666637 0.0351089 0.7343391 3.8763671 -0.0172608 -0.1720494 0.0222391 0.9846860
1305031940.799971 0.0290180 0.7386380 3.8974104 -0.0178579 -0.1718730 0.0227451 0.9846946
1305031940.933304 0.0228657 0.7429346 3.9180872 -0.0186986 -0.1715719 0.0230773 0.9847238
1305031941.066637 0.0167218 0.7475222 3.9387679 -0.0195634 -0.1710065 0.0234398 0.9847968
1305031941.199970 0.0106094 0.7518068 3.9590096 -0.0205566 -0.1702605 0.0237279 0.9848989
1305031941.366637 0.0031305 0.7570476 3.9845839 -0.0220385 -0.1695597 0.0238881 0.9849839
1305031941.499970 -0.0029290 0.7611626 4.0049639 -0.0231515 -0.1688601 0.0240526 0.9850745
1305031941.599970 -0.0074254 0.7643356 4.0203800 -0.0239762 -0.1682788 0.0240158 0.9851552
1305031941.733303 -0.0132307 0.7685969 4.0402551 -0.0250650 -0.1673943 0.0240243 0.9852785
1305031941.866636 -0.0190899 0.7729637 4.0599627 -0.0260531 -0.1664755 0.0239582 0.9854102
1305031942.033303 -0.0263945 0.7783286 4.0845485 -0.0270504 -0.1651649 0.0235130 0.9856145
1305031942.199969 -0.0334204 0.7834308 4.1087503 -0.0278547 -0.1636856 0.0229449 0.9858522
1305031942.333302 -0.0390931 0.7876467 4.1281419 -0.0282888 -0.1623897 0.0224957 0.9860646
1305031942.666636 -0.0528129 0.7979226 4.1765051 -0.0288392 -0.1587296 0.0209207 0.9866791
1305031942.833302 -0.0595571 0.8030693 4.2001519 -0.0287222 -0.1567187 0.0199005 0.9870250
1305031943.033302 -0.0680798 0.8091442 4.2288065 -0.0280148 -0.1539041 0.0185175 0.9875150
1305031943.299968 -0.0786315 0.8170772 4.2670212 -0.0266295 -0.1503032 0.0171543 0.9881324
1305031943.533301 -0.0874103 0.8239697 4.2994318 -0.0249700 -0.1471027 0.0162911 0.9886718
1305031943.766634 -0.0959292 0.8303981 4.3313055 -0.0231217 -0.1437108 0.0156903 0.9892251
1305031943.999968 -0.1043796 0.8369122 4.3622909 -0.0213312 -0.1401734 0.0153410 0.9897783
1305031944.266634 -0.1128312 0.8438828 4.3948421 -0.0196904 -0.1362206 0.0155818 0.9903603
1305031944.733300 -0.1272025 0.8554557 4.4524298 -0.0185690 -0.1289414 0.0171224 0.9913305
1305031944.966633 -0.1339751 0.8612487 4.4799466 -0.0190072 -0.1250149 0.0180277 0.9918090
1305031945.199966 -0.1403724 0.8667435 4.5063329 -0.0199476 -0.1205748 0.0187721 0.9923263
1305031945.433300 -0.1466166 0.8714474 4.5329394 -0.0213281 -0.1166009 0.0193105 0.9927620
1305031945.633299 -0.1519241 0.8765002 4.5553079 -0.0227703 -0.1128592 0.0194887 0.9931589
1305031945.833299 -0.1568815 0.8814774 4.5775166 -0.0242681 -0.1094967 0.0192704 0.9935040
1305031946.033299 -0.1619883 0.8860808 4.6003861 -0.0261053 -0.1066475 0.0187581 0.9937771
1305031946.199965 -0.1656851 0.8900840 4.6181712 -0.0278237 -0.1046083 0.0181043 0.9939594
1305031946.399965 -0.1705029 0.8950552 4.6403084 -0.0299816 -0.1024157 0.0172759 0.9941397
1305031946.566632 -0.1744178 0.8986244 4.6582861 -0.0320681 -0.1008970 0.0166088 0.9942412
1305031946.766632 -0.1792634 0.9032420 4.6803732 -0.0348937 -0.0998891 0.0158994 0.9942594
1305031946.933298 -0.1835185 0.9071928 4.6986251 -0.0373464 -0.0989180 0.0151913 0.9942785
1305031947.099965 -0.1876277 0.9114515 4.7182961 -0.0399736 -0.0979027 0.0148123 0.9942825
1305031947.266631 -0.1916152 0.9159237 4.7379570 -0.0426340 -0.0967068 0.0144463 0.9942945
1305031947.433298 -0.1956326 0.9203938 4.7585154 -0.0454650 -0.0953898 0.0140765 0.9943016
1305031947.566631 -0.1987465 0.9239569 4.7749829 -0.0476755 -0.0942218 0.0138214 0.9943129
1305031947.699964 -0.2017248 0.9274907 4.7913585 -0.0497554 -0.0928181 0.0134201 0.9943486
1305031947.799964 -0.2039198 0.9300717 4.8034358 -0.0512599 -0.0915999 0.0131673 0.9943885
1305031947.899964 -0.2060389 0.9326865 4.8157139 -0.0525324 -0.0901343 0.0128818 0.9944598
1305031947.999964 -0.2080641 0.9352322 4.8279743 -0.0537709 -0.0886552 0.0125446 0.9945309
1305031948.099964 -0.2099966 0.9378087 4.8403397 -0.0547634 -0.0870527 0.0121401 0.9946232
1305031948.233297 -0.2125788 0.9411680 4.8567610 -0.0557057 -0.0846115 0.0115131 0.9947890
1305031948.333297 -0.2145760 0.9436727 4.8690958 -0.0561742 -0.0825104 0.0109394 0.9949456
1305031948.466630 -0.2170454 0.9471077 4.8862214 -0.0563791 -0.0795502 0.0102643 0.9951823
1305031948.566630 -0.2188946 0.9496716 4.8987741 -0.0564028 -0.0772489 0.0095542 0.9953693
1305031948.666630 -0.2206965 0.9521961 4.9116154 -0.0561646 -0.0748018 0.0089691 0.9955751
1305031948.766630 -0.2225501 0.9548194 4.9245315 -0.0556704 -0.0723706 0.0082104 0.9957891
1305031948.866630 -0.2242373 0.9574709 4.9375458 -0.0550140 -0.0697870 0.0075506 0.9960152
1305031948.966630 -0.2259404 0.9601066 4.9506798 -0.0542250 -0.0671998 0.0069809 0.9962405
1305031949.066629 -0.2275552 0.9626912 4.9636359 -0.0532597 -0.0647029 0.0062038 0.9964630
1305031949.199963 -0.2295731 0.9662151 4.9813347 -0.0517558 -0.0614359 0.0055240 0.9967530
1305031949.333296 -0.2315713 0.9697751 4.9991717 -0.0501094 -0.0582798 0.0047755 0.9970305
1305031949.466629 -0.2335699 0.9734411 5.0173836 -0.0483640 -0.0551190 0.0041979 0.9972990
1305031949.599962 -0.2353024 0.9771581 5.0357447 -0.0466466 -0.0521904 0.0038990 0.9975395
1305031949.733295 -0.2370230 0.9810086 5.0542679 -0.0449536 -0.0494360 0.0034653 0.9977592
1305031949.833295 -0.2382977 0.9839242 5.0683970 -0.0437358 -0.0473647 0.0034898 0.9979137
1305031949.966629 -0.2401299 0.9877335 5.0871224 -0.0422772 -0.0446908 0.0033801 0.9981002
1305031950.099962 -0.2418173 0.9916717 5.1063385 -0.0410188 -0.0421892 0.0036081 0.9982607
1305031950.233295 -0.2434418 0.9956170 5.1256270 -0.0398775 -0.0397580 0.0037133 0.9984064
1305031950.366628 -0.2449908 0.9995641 5.1452961 -0.0389120 -0.0373341 0.0040036 0.9985369
1305031950.499961 -0.2465288 1.0034707 5.1647716 -0.0381110 -0.0348665 0.0043110 0.9986557
1305031950.633295 -0.2479094 1.0074650 5.1845021 -0.0374682 -0.0323364 0.0047581 0.9987631
1305031950.766628 -0.2491152 1.0115151 5.2042336 -0.0369949 -0.0297330 0.0050506 0.9988602
1305031950.933294 -0.2504795 1.0169137 5.2293863 -0.0365063 -0.0263423 0.0054909 0.9989711
1305031951.066628 -0.2515184 1.0213726 5.2498026 -0.0361803 -0.0233612 0.0057726 0.9990555
1305031951.199961 -0.2523978 1.0258412 5.2699780 -0.0359442 -0.0203234 0.0058778 0.9991298
1305031951.333294 -0.2529412 1.0304953 5.2908220 -0.0356481 -0.0172365 0.0060332 0.9991975
1305031951.499960 -0.2532160 1.0358059 5.3170233 -0.0354535 -0.0133797 0.0063103 0.9992619
1305031951.633294 -0.2534399 1.0400618 5.3381953 -0.0353136 -0.0102766 0.0061431 0.9993046
1305031951.766627 -0.2534776 1.0443659 5.3591437 -0.0351081 -0.0070803 0.0058991 0.9993411
1305031951.899960 -0.2534960 1.0489569 5.3805952 -0.0351793 -0.0038936 0.0055747 0.9993579
1305031952.066627 -0.2537011 1.0548817 5.4074588 -0.0353743 0.0001505 0.0051317 0.9993610
1305031952.199960 -0.2537038 1.0592757 5.4281206 -0.0357333 0.0034627 0.0047828 0.9993439
1305031952.333293 -0.2534790 1.0635388 5.4490352 -0.0360301 0.0065383 0.0043550 0.9993199
1305031952.499959 -0.2531362 1.0691338 5.4753675 -0.0366570 0.0103330 0.0039284 0.9992668
1305031952.666626 -0.2522913 1.0746769 5.5016088 -0.0373121 0.0138427 0.0034057 0.9992020
1305031952.833292 -0.2514202 1.0802727 5.5272326 -0.0380298 0.0169967 0.0026456 0.9991285
1305031952.999959 -0.2503370 1.0857755 5.5529413 -0.0384741 0.0204035 0.0022263 0.9990488
1305031953.166625 -0.2493169 1.0911561 5.5778155 -0.0388045 0.0237411 0.0015648 0.9989635
1305031953.299959 -0.2482944 1.0953556 5.5980091 -0.0388879 0.0263380 0.0011780 0.9988958
1305031953.466625 -0.2468693 1.1004337 5.6233826 -0.0392515 0.0293088 0.0006862 0.9987992
1305031953.633292 -0.2452633 1.1054519 5.6481009 -0.0394892 0.0321130 0.0001893 0.9987038
1305031953.766625 -0.2438373 1.1094075 5.6676183 -0.0398079 0.0343724 -0.0001234 0.9986160
1305031953.899958 -0.2424049 1.1133521 5.6868753 -0.0400383 0.0366878 -0.0006384 0.9985242
1305031954.033291 -0.2408540 1.1173241 5.7063985 -0.0402182 0.0391429 -0.0010508 0.9984234
1305031954.166625 -0.2394557 1.1214510 5.7255230 -0.0404962 0.0416320 -0.0014512 0.9983109
1305031954.299958 -0.2378261 1.1253941 5.7445502 -0.0406662 0.0439277 -0.0018654 0.9982050
1305031954.433291 -0.2361490 1.1292295 5.7632408 -0.0413226 0.0463628 -0.0021973 0.9980672
1305031954.566624 -0.2343349 1.1329525 5.7817869 -0.0420452 0.0488889 -0.0024441 0.9979159
1305031954.699957 -0.2324200 1.1368080 5.8002825 -0.0430304 0.0513583 -0.0025122 0.9977497
1305031954.833291 -0.2304388 1.1405724 5.8183270 -0.0442892 0.0537340 -0.0025758 0.9975693
1305031954.966624 -0.2285013 1.1441308 5.8362331 -0.0455221 0.0564494 -0.0027980 0.9973632
1305031955.099957 -0.2262512 1.1477631 5.8544178 -0.0471464 0.0589288 -0.0027107 0.9971446
1305031955.199957 -0.2247534 1.1503080 5.8671379 -0.0486790 0.0611187 -0.0025331 0.9969395
1305031955.333290 -0.2223616 1.1532295 5.8854995 -0.0510531 0.0632770 -0.0021512 0.9966870
1305031955.433290 -0.2207144 1.1554786 5.8984380 -0.0523725 0.0652073 -0.0019671 0.9964945
1305031955.533290 -0.2188865 1.1582491 5.9114370 -0.0538472 0.0672635 -0.0014254 0.9962801
1305031955.633290 -0.2171393 1.1613110 5.9241290 -0.0554612 0.0692179 -0.0010970 0.9960581
1305031955.733290 -0.2153747 1.1642971 5.9367380 -0.0564709 0.0714628 -0.0008395 0.9958431
1305031955.866623 -0.2129095 1.1680707 5.9535990 -0.0581612 0.0742956 -0.0004267 0.9955387
1305031955.966623 -0.2108322 1.1707009 5.9666319 -0.0594017 0.0759977 -0.0000599 0.9953371
1305031956.066623 -0.2087755 1.1734375 5.9789705 -0.0600529 0.0779193 0.0003593 0.9951493
1305031956.166623 -0.2067657 1.1763024 5.9913831 -0.0607232 0.0797819 0.0006207 0.9949609
1305031956.299956 -0.2040712 1.1795214 6.0082374 -0.0610510 0.0823398 0.0008606 0.9947322
1305031956.399956 -0.2017904 1.1819321 6.0210881 -0.0608404 0.0841653 0.0009599 0.9945922
1305031956.499956 -0.1995531 1.1845055 6.0336742 -0.0606218 0.0859229 0.0009493 0.9944553
1305031956.599956 -0.1974267 1.1869574 6.0461330 -0.0602313 0.0877252 0.0010795 0.9943216
1305031956.733289 -0.1943258 1.1903262 6.0630360 -0.0590934 0.0901662 0.0008693 0.9941717
1305031956.833289 -0.1920757 1.1927091 6.0754189 -0.0581963 0.0919553 0.0007890 0.9940608
1305031956.933289 -0.1895988 1.1953868 6.0884056 -0.0571304 0.0936503 0.0005196 0.9939646
1305031957.066622 -0.1862484 1.1989985 6.1057463 -0.0557353 0.0959805 0.0001146 0.9938216
1305031957.166622 -0.1835812 1.2016963 6.1190510 -0.0546395 0.0977089 -0.0002456 0.9937140
1305031957.299955 -0.1800074 1.2054292 6.1368299 -0.0531912 0.1000041 -0.0010297 0.9935637
1305031957.399955 -0.1771690 1.2082051 6.1504188 -0.0518081 0.1018272 -0.0016570 0.9934508
1305031957.499955 -0.1744234 1.2110264 6.1637969 -0.0503345 0.1037646 -0.0024007 0.9933245
1305031957.599955 -0.1713538 1.2137861 6.1776476 -0.0491524 0.1054806 -0.0029831 0.9932014
1305031957.699955 -0.1682357 1.2165719 6.1914673 -0.0480485 0.1071969 -0.0037047 0.9930692
1305031957.799954 -0.1649780 1.2192322 6.2051582 -0.0470846 0.1089864 -0.0040569 0.9929192
1305031957.899954 -0.1617891 1.2220145 6.2191596 -0.0461314 0.1108552 -0.0048600 0.9927534
1305031957.999954 -0.1584876 1.2248722 6.2331986 -0.0451920 0.1128698 -0.0056480 0.9925655
1305031958.166621 -0.1525474 1.2298708 6.2573953 -0.0440060 0.1160311 -0.0068210 0.9922468
1305031958.266621 -0.1489246 1.2329379 6.2720098 -0.0434272 0.1182234 -0.0075678 0.9920081
1305031958.366621 -0.1452229 1.2361706 6.2868443 -0.0428946 0.1203341 -0.0084840 0.9917700
1305031958.466620 -0.1414693 1.2392586 6.3018928 -0.0425165 0.1224402 -0.0091808 0.9915223
1305031958.566620 -0.1374994 1.2421924 6.3167748 -0.0422287 0.1246522 -0.0097234 0.9912538
1305031958.666620 -0.1333946 1.2453762 6.3319893 -0.0419507 0.1268606 -0.0102371 0.9909802
1305031958.766620 -0.1292637 1.2484348 6.3470588 -0.0416729 0.1290945 -0.0110487 0.9906946
1305031958.866620 -0.1251123 1.2516323 6.3623023 -0.0414463 0.1313964 -0.0117394 0.9903936
1305031958.999953 -0.1190269 1.2559425 6.3833313 -0.0411973 0.1342791 -0.0120795 0.9900131
1305031959.099953 -0.1146284 1.2592373 6.3989377 -0.0410082 0.1366600 -0.0127836 0.9896863
1305031959.233286 -0.1083729 1.2636318 6.4200392 -0.0406422 0.1396646 -0.0134792 0.9892726
1305031959.333286 -0.1036153 1.2669871 6.4356194 -0.0404213 0.1418573 -0.0140348 0.9889619
1305031959.433286 -0.0988930 1.2700969 6.4509602 -0.0402836 0.1440970 -0.0144584 0.9886376
1305031959.533286 -0.0938474 1.2733401 6.4666948 -0.0400696 0.1462464 -0.0146816 0.9883273
1305031959.633286 -0.0887328 1.2766392 6.4825401 -0.0399059 0.1484142 -0.0149048 0.9880074
1305031959.733286 -0.0834458 1.2798858 6.4985814 -0.0397360 0.1503661 -0.0147915 0.9877208
1305031959.833286 -0.0784706 1.2829123 6.5143013 -0.0396015 0.1526044 -0.0148620 0.9873818
1305031959.933286 -0.0733603 1.2861502 6.5301356 -0.0394604 0.1546576 -0.0151853 0.9870630
1305031960.033286 -0.0685571 1.2891388 6.5454230 -0.0392663 0.1569902 -0.0156594 0.9866950
1305031960.166619 -0.0610693 1.2935647 6.5670433 -0.0388820 0.1597615 -0.0156152 0.9862660
1305031960.233285 -0.0574559 1.2957746 6.5775151 -0.0386913 0.1613936 -0.0157648 0.9860054
1305031960.366619 -0.0496989 1.3003978 6.5991015 -0.0382917 0.1641010 -0.0161021 0.9855685
1305031960.433285 -0.0459105 1.3026983 6.6095152 -0.0381985 0.1654293 -0.0164461 0.9853444
1305031960.499952 -0.0419092 1.3049518 6.6201196 -0.0379882 0.1669157 -0.0163930 0.9851027
1305031960.566618 -0.0380613 1.3071880 6.6306543 -0.0377140 0.1681181 -0.0169711 0.9848990
1305031960.666618 -0.0321089 1.3105748 6.6465268 -0.0374546 0.1707376 -0.0174363 0.9844500
1305031960.733285 -0.0282947 1.3129220 6.6567669 -0.0373856 0.1722098 -0.0176366 0.9841926
1305031960.833285 -0.0220606 1.3161335 6.6731215 -0.0371603 0.1742404 -0.0181217 0.9838349
1305031960.899951 -0.0178871 1.3179113 6.6836333 -0.0369144 0.1758723 -0.0184596 0.9835474
1305031960.966618 -0.0137793 1.3198111 6.6938262 -0.0368223 0.1775993 -0.0185786 0.9832382
1305031961.066618 -0.0075539 1.3229421 6.7096772 -0.0368690 0.1798465 -0.0194345 0.9828114
1305031961.166618 -0.0010573 1.3256886 6.7255158 -0.0368534 0.1820261 -0.0197956 0.9824034
1305031961.266618 0.0054386 1.3288699 6.7411847 -0.0369530 0.1843808 -0.0207758 0.9819402
1305031961.366618 0.0118347 1.3321364 6.7570658 -0.0371891 0.1867043 -0.0217507 0.9814711
1305031961.433284 0.0162875 1.3343756 6.7678313 -0.0374442 0.1882845 -0.0224987 0.9811426
1305031961.499951 0.0206042 1.3363831 6.7782388 -0.0380491 0.1901221 -0.0226784 0.9807607
1305031961.566617 0.0249068 1.3386285 6.7889614 -0.0383145 0.1917384 -0.0235100 0.9804161
1305031961.633284 0.0292460 1.3407528 6.7994919 -0.0386726 0.1935468 -0.0240446 0.9800337
1305031961.699951 0.0334913 1.3430033 6.8096266 -0.0389888 0.1952456 -0.0248149 0.9796649
1305031961.766617 0.0380012 1.3451202 6.8201385 -0.0397700 0.1968100 -0.0251800 0.9793111
1305031961.833284 0.0425884 1.3473276 6.8306894 -0.0402312 0.1985400 -0.0255764 0.9789327
1305031961.899951 0.0472395 1.3495147 6.8410869 -0.0409490 0.1999104 -0.0259066 0.9786153
1305031961.966617 0.0518890 1.3517250 6.8514891 -0.0415972 0.2015317 -0.0263751 0.9782428
1305031962.033284 0.0564907 1.3538442 6.8616037 -0.0424038 0.2030979 -0.0264979 0.9778809
1305031962.099950 0.0609706 1.3560513 6.8715930 -0.0432025 0.2046816 -0.0271630 0.9774974
1305031962.166617 0.0658741 1.3582606 6.8821545 -0.0440107 0.2061133 -0.0273581 0.9771550
1305031962.233284 0.0704920 1.3602747 6.8922238 -0.0448986 0.2076524 -0.0274980 0.9767848
1305031962.299950 0.0753987 1.3623605 6.9026241 -0.0458194 0.2089784 -0.0277061 0.9764533
1305031962.366617 0.0801547 1.3643817 6.9127345 -0.0465884 0.2104654 -0.0277580 0.9760960
1305031962.433283 0.0847619 1.3663498 6.9226799 -0.0476033 0.2118984 -0.0279645 0.9757310
1305031962.499950 0.0895700 1.3683761 6.9328051 -0.0483921 0.2132366 -0.0281366 0.9753957
1305031962.566617 0.0943104 1.3703170 6.9429913 -0.0495813 0.2146156 -0.0280062 0.9750372
1305031962.633283 0.0991535 1.3723537 6.9530010 -0.0503048 0.2159507 -0.0279980 0.9747055
1305031962.699950 0.1040051 1.3743333 6.9630070 -0.0513125 0.2169252 -0.0278595 0.9744405
1305031962.766616 0.1088666 1.3764741 6.9731688 -0.0519747 0.2182970 -0.0279332 0.9740969
1305031962.833283 0.1137907 1.3784448 6.9834180 -0.0529343 0.2194294 -0.0275774 0.9738009
1305031962.933283 0.1215547 1.3817328 6.9988909 -0.0538358 0.2209019 -0.0276491 0.9734165
1305031962.999949 0.1267138 1.3839581 7.0092978 -0.0544321 0.2218786 -0.0275671 0.9731635
1305031963.066616 0.1320724 1.3861468 7.0197382 -0.0551257 0.2226282 -0.0272532 0.9729621
1305031963.133283 0.1370774 1.3881978 7.0298176 -0.0556613 0.2236182 -0.0271519 0.9727073
1305031963.199949 0.1421702 1.3903693 7.0400248 -0.0561820 0.2245518 -0.0270947 0.9724639
1305031963.233283 0.1449005 1.3914800 7.0451837 -0.0563466 0.2247816 -0.0269511 0.9724053
1305031963.299949 0.1500364 1.3936145 7.0552478 -0.0565968 0.2254786 -0.0269985 0.9722280
1305031963.366616 0.1553905 1.3957059 7.0654058 -0.0568568 0.2259842 -0.0268953 0.9720983
1305031963.433282 0.1608296 1.3978211 7.0756912 -0.0569445 0.2266928 -0.0267563 0.9719320
1305031963.499949 0.1660576 1.3999199 7.0857906 -0.0569305 0.2273052 -0.0267870 0.9717889
1305031963.566616 0.1712406 1.4018877 7.0957732 -0.0569481 0.2279264 -0.0267591 0.9716431
1305031963.633282 0.1766853 1.4039074 7.1060658 -0.0567739 0.2282835 -0.0264983 0.9715767
1305031963.733282 0.1848137 1.4069301 7.1214943 -0.0565025 0.2289250 -0.0264143 0.9714439
1305031963.799949 0.1902830 1.4090786 7.1317558 -0.0562288 0.2291332 -0.0264416 0.9714099
1305031963.866615 0.1954882 1.4111842 7.1418715 -0.0559737 0.2294418 -0.0264892 0.9713505
1305031963.933282 0.2007121 1.4131396 7.1519213 -0.0556113 0.2297848 -0.0265355 0.9712889
1305031963.999949 0.2062854 1.4153121 7.1623058 -0.0550697 0.2299236 -0.0265293 0.9712871
1305031964.066615 0.2117043 1.4174508 7.1726770 -0.0546459 0.2300944 -0.0268223 0.9712626
1305031964.133282 0.2169877 1.4194418 7.1828938 -0.0541946 0.2302584 -0.0268692 0.9712477
1305031964.199948 0.2224800 1.4214849 7.1933494 -0.0536687 0.2304584 -0.0270549 0.9712243
1305031964.266615 0.2277975 1.4235588 7.2036319 -0.0531488 0.2305949 -0.0272078 0.9712162
1305031964.333282 0.2332557 1.4256455 7.2140636 -0.0526975 0.2306335 -0.0272353 0.9712309
1305031964.433281 0.2414356 1.4288914 7.2297196 -0.0517633 0.2306797 -0.0276642 0.9712580
1305031964.499948 0.2468497 1.4309974 7.2400079 -0.0512581 0.2307570 -0.0277938 0.9712628
1305031964.566615 0.2523042 1.4330752 7.2504010 -0.0508351 0.2307674 -0.0278651 0.9712805
1305031964.633281 0.2577762 1.4352175 7.2606711 -0.0502617 0.2307328 -0.0279776 0.9713153
1305031964.699948 0.2632875 1.4374007 7.2711158 -0.0499388 0.2307976 -0.0282543 0.9713085
1305031964.766614 0.2686701 1.4394820 7.2813253 -0.0495700 0.2308272 -0.0284968 0.9713134
1305031964.833281 0.2741106 1.4415632 7.2916508 -0.0493711 0.2309013 -0.0285652 0.9713038
1305031964.899948 0.2796633 1.4437084 7.3021426 -0.0489986 0.2309971 -0.0287859 0.9712934
1305031964.966614 0.2850283 1.4459139 7.3124032 -0.0488310 0.2310860 -0.0289682 0.9712753
1305031965.033281 0.2904947 1.4480308 7.3227215 -0.0486800 0.2309891 -0.0290341 0.9713039
1305031965.099947 0.2959608 1.4500977 7.3330231 -0.0484458 0.2311262 -0.0292294 0.9712772
1305031965.199947 0.3040070 1.4534140 7.3485866 -0.0482431 0.2313060 -0.0297616 0.9712283
1305031965.266614 0.3097827 1.4556301 7.3593340 -0.0483577 0.2311595 -0.0297422 0.9712581
1305031965.333281 0.3150710 1.4576561 7.3695364 -0.0482953 0.2312912 -0.0299485 0.9712235
1305031965.399947 0.3205286 1.4597870 7.3798552 -0.0483638 0.2313503 -0.0300263 0.9712036
1305031965.466614 0.3259539 1.4619023 7.3901720 -0.0485166 0.2313896 -0.0300018 0.9711874
1305031965.566614 0.3339105 1.4650147 7.4053288 -0.0486017 0.2316184 -0.0303756 0.9711170
1305031965.633280 0.3394413 1.4671633 7.4158363 -0.0487556 0.2317674 -0.0304549 0.9710712
1305031965.699947 0.3448644 1.4692829 7.4262342 -0.0489812 0.2317716 -0.0306432 0.9710529
1305031965.766613 0.3503385 1.4713639 7.4365339 -0.0491557 0.2318174 -0.0306092 0.9710343
1305031965.833280 0.3558375 1.4735855 7.4469619 -0.0492467 0.2319410 -0.0307150 0.9709967
1305031965.899947 0.3611206 1.4757555 7.4571643 -0.0495026 0.2320863 -0.0308304 0.9709454
1305031965.966613 0.3665840 1.4778553 7.4676075 -0.0495740 0.2321225 -0.0310836 0.9709250
1305031966.033280 0.3718509 1.4799910 7.4779520 -0.0497179 0.2322774 -0.0314814 0.9708678
1305031966.099946 0.3771128 1.4821581 7.4881406 -0.0497781 0.2323433 -0.0319164 0.9708347
1305031966.166613 0.3824346 1.4841757 7.4986582 -0.0500928 0.2323946 -0.0318102 0.9708098
1305031966.233280 0.3876315 1.4861988 7.5089846 -0.0501438 0.2325596 -0.0319890 0.9707618
1305031966.299946 0.3927865 1.4882799 7.5191765 -0.0503147 0.2325440 -0.0320980 0.9707530
1305031966.366613 0.3976090 1.4903630 7.5293307 -0.0504306 0.2326861 -0.0324710 0.9707006
1305031966.433280 0.4028688 1.4925209 7.5398951 -0.0505284 0.2327075 -0.0325732 0.9706869
1305031966.499946 0.4080786 1.4946864 7.5503941 -0.0505858 0.2325777 -0.0327052 0.9707106
1305031966.566613 0.4131049 1.4968767 7.5606675 -0.0504756 0.2326274 -0.0329642 0.9706957
1305031966.633279 0.4180691 1.4988968 7.5708051 -0.0505595 0.2326476 -0.0330984 0.9706819
1305031966.699946 0.4231077 1.5009980 7.5810385 -0.0505282 0.2325777 -0.0334894 0.9706869
1305031966.766613 0.4280924 1.5030916 7.5913939 -0.0505306 0.2326828 -0.0335877 0.9706582
1305031966.833279 0.4331849 1.5052761 7.6017432 -0.0503218 0.2327715 -0.0337498 0.9706421
1305031966.899946 0.4383788 1.5073298 7.6120281 -0.0503476 0.2326914 -0.0337789 0.9706590
1305031966.966612 0.4431829 1.5093731 7.6218596 -0.0502297 0.2328703 -0.0339384 0.9706166
1305031967.033279 0.4481280 1.5114024 7.6320276 -0.0502777 0.2328002 -0.0339603 0.9706302
1305031967.099946 0.4530953 1.5134118 7.6424136 -0.0502113 0.2329659 -0.0339883 0.9705929
1305031967.166612 0.4581632 1.5155363 7.6526518 -0.0500825 0.2328766 -0.0340690 0.9706181
1305031967.266612 0.4656093 1.5187056 7.6680651 -0.0502074 0.2329283 -0.0343384 0.9705898
1305031967.333279 0.4706614 1.5208070 7.6784301 -0.0499540 0.2331349 -0.0344434 0.9705496
1305031967.399945 0.4757078 1.5229613 7.6887522 -0.0501151 0.2330072 -0.0346512 0.9705645
1305031967.433279 0.4781640 1.5240277 7.6938100 -0.0501400 0.2330036 -0.0346772 0.9705632
1305031967.466612 0.4806452 1.5251379 7.6988611 -0.0500812 0.2329722 -0.0346418 0.9705750
1305031967.499945 0.4831546 1.5262465 7.7040310 -0.0500957 0.2330356 -0.0345586 0.9705620
1305031967.533278 0.4856198 1.5272951 7.7091217 -0.0502017 0.2330782 -0.0345022 0.9705483
1305031967.566612 0.4881536 1.5283434 7.7141180 -0.0501173 0.2330322 -0.0345159 0.9705632
1305031967.599945 0.4905916 1.5291697 7.7190275 -0.0503113 0.2330738 -0.0341456 0.9705563
1305031967.666612 0.4954715 1.5313447 7.7292910 -0.0502311 0.2333416 -0.0343894 0.9704875
1305031967.733278 0.5004837 1.5335212 7.7393541 -0.0502690 0.2333177 -0.0343954 0.9704911
1305031967.799945 0.5054945 1.5356575 7.7494526 -0.0503773 0.2334265 -0.0344984 0.9704556
1305031967.866611 0.5103121 1.5377071 7.7593031 -0.0504173 0.2336710 -0.0344778 0.9703954
1305031967.899945 0.5126232 1.5386529 7.7640848 -0.0504694 0.2337304 -0.0343868 0.9703816
1305031967.966611 0.5175736 1.5407602 7.7741966 -0.0506766 0.2337803 -0.0342790 0.9703626
1305031968.033278 0.5224309 1.5427437 7.7841501 -0.0508687 0.2339731 -0.0340177 0.9703153
1305031968.066611 0.5247300 1.5438130 7.7891355 -0.0509171 0.2342728 -0.0340684 0.9702387
1305031968.099945 0.5271437 1.5448416 7.7940321 -0.0510923 0.2343428 -0.0340528 0.9702131
1305031968.166611 0.5320903 1.5470625 7.8041911 -0.0513001 0.2343966 -0.0339195 0.9701938
1305031968.233278 0.5368094 1.5491837 7.8141742 -0.0515002 0.2347829 -0.0339706 0.9700880
1305031968.299944 0.5416641 1.5513314 7.8240442 -0.0515846 0.2350068 -0.0336554 0.9700403
1305031968.366611 0.5462773 1.5534571 7.8337021 -0.0517400 0.2353183 -0.0336363 0.9699571
1305031968.433278 0.5509443 1.5556623 7.8435559 -0.0519746 0.2355893 -0.0336917 0.9698769
1305031968.499944 0.5555181 1.5577319 7.8531847 -0.0521135 0.2358468 -0.0336344 0.9698089
1305031968.566611 0.5601408 1.5597154 7.8629303 -0.0524638 0.2361977 -0.0333611 0.9697140
1305031968.633277 0.5647811 1.5617557 7.8727217 -0.0527117 0.2363562 -0.0334079 0.9696603
1305031968.699944 0.5694516 1.5637258 7.8823404 -0.0528834 0.2365584 -0.0331773 0.9696096
1305031968.766611 0.5742439 1.5659088 7.8921652 -0.0528593 0.2366112 -0.0332264 0.9695963
1305031968.833277 0.5789416 1.5679269 7.9020143 -0.0529771 0.2367989 -0.0332475 0.9695433
1305031968.899944 0.5836843 1.5698879 7.9116921 -0.0530723 0.2367139 -0.0332200 0.9695598
1305031968.966610 0.5884607 1.5717978 7.9214702 -0.0531307 0.2368997 -0.0330850 0.9695159
1305031968.999944 0.5907468 1.5727768 7.9262395 -0.0530574 0.2369738 -0.0330162 0.9695041
1305031969.066610 0.5953656 1.5748119 7.9357853 -0.0531406 0.2370787 -0.0330478 0.9694728
1305031969.099944 0.5976027 1.5758244 7.9405918 -0.0531545 0.2372039 -0.0330171 0.9694425
1305031969.133277 0.5999761 1.5768799 7.9454064 -0.0530915 0.2372560 -0.0329337 0.9694360
1305031969.166610 0.6022842 1.5779468 7.9501915 -0.0529130 0.2373247 -0.0329918 0.9694270
1305031969.199944 0.6045875 1.5790097 7.9549904 -0.0528918 0.2373766 -0.0330295 0.9694142
1305031969.233277 0.6070848 1.5800821 7.9599528 -0.0528224 0.2372629 -0.0330277 0.9694459
1305031969.266610 0.6093972 1.5810765 7.9647865 -0.0526948 0.2372830 -0.0330819 0.9694461
1305031969.299943 0.6118112 1.5820969 7.9696407 -0.0525029 0.2372383 -0.0330614 0.9694681
1305031969.333277 0.6141111 1.5830023 7.9743962 -0.0524981 0.2372747 -0.0329194 0.9694643
1305031969.399943 0.6188334 1.5849636 7.9840994 -0.0523275 0.2372569 -0.0328609 0.9694799
1305031969.466610 0.6234196 1.5869672 7.9936662 -0.0520504 0.2371113 -0.0328076 0.9695322
1305031969.533277 0.6280224 1.5889257 8.0032110 -0.0518039 0.2369312 -0.0327693 0.9695907
1305031969.566610 0.6302153 1.5898553 8.0078983 -0.0516698 0.2368976 -0.0327308 0.9696074
1305031969.633276 0.6348590 1.5917896 8.0174837 -0.0512851 0.2367327 -0.0327064 0.9696689
1305031969.699943 0.6394731 1.5937541 8.0268717 -0.0509485 0.2363792 -0.0324982 0.9697799
1305031969.766610 0.6440316 1.5957744 8.0364943 -0.0507681 0.2361654 -0.0323423 0.9698467
1305031969.833276 0.6486189 1.5979062 8.0462160 -0.0503993 0.2359851 -0.0322718 0.9699121
1305031969.899943 0.6531191 1.5999444 8.0555925 -0.0499880 0.2356357 -0.0321031 0.9700239
1305031969.966609 0.6575696 1.6019917 8.0649290 -0.0496250 0.2352806 -0.0318719 0.9701364
1305031970.033276 0.6620256 1.6039845 8.0742760 -0.0492791 0.2350080 -0.0316296 0.9702280
1305031970.099943 0.6665598 1.6059935 8.0837326 -0.0487161 0.2347708 -0.0313486 0.9703230
1305031970.166609 0.6711777 1.6080240 8.0932255 -0.0483207 0.2344684 -0.0309890 0.9704275
1305031970.233276 0.6755246 1.6100396 8.1024342 -0.0479670 0.2341640 -0.0307886 0.9705248
1305031970.299942 0.6800900 1.6120131 8.1117430 -0.0476844 0.2338166 -0.0303124 0.9706375
1305031970.366609 0.6845056 1.6139842 8.1210709 -0.0472924 0.2335380 -0.0299954 0.9707336
1305031970.433276 0.6890570 1.6160202 8.1306152 -0.0470380 0.2332797 -0.0297204 0.9708165
1305031970.499942 0.6934716 1.6180358 8.1398220 -0.0467087 0.2329381 -0.0292926 0.9709275
1305031970.566609 0.6980017 1.6201087 8.1493912 -0.0465995 0.2326186 -0.0288846 0.9710215
1305031970.633276 0.7024742 1.6221602 8.1587467 -0.0465077 0.2322623 -0.0285499 0.9711211
1305031970.699942 0.7071042 1.6243143 8.1683912 -0.0464033 0.2319974 -0.0281393 0.9712014
1305031970.766609 0.7116783 1.6263653 8.1778297 -0.0462395 0.2317560 -0.0275761 0.9712830
1305031970.833275 0.7162240 1.6284095 8.1873255 -0.0462747 0.2314443 -0.0270986 0.9713691
1305031970.899942 0.7207022 1.6304736 8.1965523 -0.0462241 0.2311935 -0.0267022 0.9714422
1305031970.999942 0.7277595 1.6335917 8.2111683 -0.0464487 0.2307613 -0.0261309 0.9715497
1305031971.099942 0.7346871 1.6363916 8.2250404 -0.0465739 0.2302438 -0.0251991 0.9716911
1305031971.199942 0.7413672 1.6394750 8.2389174 -0.0470732 0.2299182 -0.0246503 0.9717583
1305031971.266608 0.7460319 1.6415188 8.2485209 -0.0470849 0.2297411 -0.0241476 0.9718122
1305031971.366608 0.7530565 1.6445451 8.2627411 -0.0472168 0.2295285 -0.0235424 0.9718709
1305031971.433275 0.7574836 1.6466525 8.2720032 -0.0474249 0.2294538 -0.0231278 0.9718884
1305031971.499941 0.7619177 1.6487211 8.2812986 -0.0476515 0.2294824 -0.0227080 0.9718804
1305031971.566608 0.7664243 1.6507868 8.2906036 -0.0476687 0.2294367 -0.0221404 0.9719035
1305031971.633275 0.7709982 1.6527537 8.2998724 -0.0478552 0.2294911 -0.0217466 0.9718903
1305031971.699941 0.7753425 1.6547129 8.3089733 -0.0480556 0.2294582 -0.0213338 0.9718974
1305031971.766608 0.7799723 1.6566406 8.3184662 -0.0481915 0.2296284 -0.0206943 0.9718643
1305031971.833274 0.7845106 1.6585554 8.3277483 -0.0483778 0.2297510 -0.0202480 0.9718354
1305031971.899941 0.7891722 1.6605421 8.3371553 -0.0484727 0.2299036 -0.0197185 0.9718055
1305031971.966608 0.7937606 1.6626035 8.3463917 -0.0485435 0.2301395 -0.0192405 0.9717557
1305031972.033274 0.7982371 1.6645817 8.3555012 -0.0485585 0.2303702 -0.0187663 0.9717095
1305031972.133274 0.8050756 1.6675512 8.3690796 -0.0483358 0.2309238 -0.0180763 0.9716024
1305031972.199941 0.8094543 1.6694138 8.3779802 -0.0485241 0.2312845 -0.0176201 0.9715155
1305031972.266607 0.8140132 1.6712807 8.3870382 -0.0484381 0.2317743 -0.0171026 0.9714124
1305031972.333274 0.8184627 1.6732110 8.3959179 -0.0483096 0.2323747 -0.0168334 0.9712800
1305031972.433274 0.8253937 1.6760749 8.4096079 -0.0479925 0.2329189 -0.0161279 0.9711773
1305031972.533274 0.8324091 1.6789236 8.4230938 -0.0476486 0.2338189 -0.0155273 0.9709878
1305031972.599940 0.8369359 1.6808381 8.4319477 -0.0474036 0.2345002 -0.0152939 0.9708391
1305031972.666607 0.8415023 1.6827167 8.4406757 -0.0471515 0.2350262 -0.0148784 0.9707307
1305031972.733274 0.8461602 1.6846862 8.4495993 -0.0466864 0.2357858 -0.0146267 0.9705728
1305031972.799940 0.8507491 1.6867579 8.4583998 -0.0463006 0.2365861 -0.0143546 0.9704006
1305031972.866607 0.8553153 1.6888808 8.4671297 -0.0459376 0.2372632 -0.0140542 0.9702569
1305031972.933273 0.8598263 1.6909370 8.4759369 -0.0454607 0.2381239 -0.0137921 0.9700723
1305031972.999940 0.8642418 1.6928567 8.4845715 -0.0450667 0.2390448 -0.0135226 0.9698679
1305031973.066607 0.8688070 1.6949071 8.4932175 -0.0444526 0.2398612 -0.0133532 0.9696970
1305031973.133273 0.8732747 1.6969305 8.5019178 -0.0438575 0.2407827 -0.0131283 0.9694988
1305031973.233273 0.8799323 1.6998192 8.5147400 -0.0430363 0.2420663 -0.0129763 0.9692180
1305031973.299940 0.8841279 1.7016548 8.5229502 -0.0424157 0.2430349 -0.0127722 0.9690056
1305031973.366606 0.8885180 1.7035002 8.5312462 -0.0419904 0.2436035 -0.0124680 0.9688853
1305031973.433273 0.8927921 1.7054287 8.5395784 -0.0414261 0.2444232 -0.0125177 0.9687025
1305031973.499939 0.8969738 1.7073095 8.5477543 -0.0408832 0.2451645 -0.0125940 0.9685372
1305031973.566606 0.9011923 1.7091236 8.5560274 -0.0404047 0.2460267 -0.0127068 0.9683372
1305031973.633273 0.9053231 1.7110143 8.5641327 -0.0399011 0.2466870 -0.0130586 0.9681854
1305031973.699939 0.9094602 1.7127676 8.5721817 -0.0395125 0.2473708 -0.0130758 0.9680266
1305031973.766606 0.9135416 1.7145518 8.5801792 -0.0390004 0.2480656 -0.0133358 0.9678660
1305031973.833272 0.9176314 1.7163130 8.5880423 -0.0385639 0.2485957 -0.0134322 0.9677461
1305031973.899939 0.9215866 1.7180392 8.5958033 -0.0382518 0.2490784 -0.0137389 0.9676301
1305031973.966606 0.9256095 1.7196931 8.6035557 -0.0379757 0.2494554 -0.0139420 0.9675410
1305031974.033272 0.9296736 1.7215301 8.6113510 -0.0374569 0.2496940 -0.0146114 0.9674897
1305031974.099939 0.9335711 1.7232734 8.6189594 -0.0372305 0.2499696 -0.0154320 0.9674146
1305031974.166605 0.9375625 1.7250217 8.6266060 -0.0369125 0.2500997 -0.0158806 0.9673859
1305031974.233272 0.9413467 1.7265826 8.6339712 -0.0367143 0.2502716 -0.0164640 0.9673392
1305031974.299939 0.9451631 1.7283407 8.6413555 -0.0363944 0.2501905 -0.0174120 0.9673557
1305031974.366605 0.9489058 1.7299424 8.6486444 -0.0363287 0.2500512 -0.0178422 0.9673863
1305031974.433272 0.9526354 1.7315588 8.6558752 -0.0361832 0.2498918 -0.0184581 0.9674214
1305031974.499938 0.9562978 1.7332094 8.6630726 -0.0359276 0.2496534 -0.0192544 0.9674770
1305031974.566605 0.9599774 1.7348455 8.6702404 -0.0357604 0.2493305 -0.0199546 0.9675522
1305031974.633272 0.9635916 1.7365665 8.6772919 -0.0354871 0.2488340 -0.0208941 0.9676703
1305031974.699938 0.9671891 1.7381521 8.6844044 -0.0355194 0.2482773 -0.0213693 0.9678017
1305031974.766605 0.9706578 1.7398349 8.6911659 -0.0351579 0.2476456 -0.0223574 0.9679544
1305031974.833272 0.9740933 1.7414498 8.6980362 -0.0350680 0.2470659 -0.0232540 0.9680847
1305031974.899938 0.9774427 1.7430305 8.7046642 -0.0350041 0.2463065 -0.0240387 0.9682614
1305031974.966605 0.9806761 1.7445462 8.7112274 -0.0350734 0.2455392 -0.0246894 0.9684373
1305031975.033271 0.9840479 1.7461071 8.7179089 -0.0349900 0.2446588 -0.0252802 0.9686479
1305031975.099938 0.9872024 1.7475413 8.7243319 -0.0349611 0.2437656 -0.0258912 0.9688579
1305031975.166605 0.9904332 1.7490096 8.7308216 -0.0349740 0.2427271 -0.0264605 0.9691028
1305031975.233271 0.9934998 1.7504338 8.7370872 -0.0348206 0.2417205 -0.0269615 0.9693461
1305031975.299938 0.9966187 1.7518092 8.7434349 -0.0349576 0.2407018 -0.0273702 0.9695832
1305031975.366604 0.9998089 1.7531081 8.7495136 -0.0348514 0.2393573 -0.0275972 0.9699133
1305031975.433271 1.0028553 1.7543938 8.7556992 -0.0349177 0.2382710 -0.0279385 0.9701687
1305031975.499938 1.0059179 1.7557334 8.7617455 -0.0348347 0.2370309 -0.0283366 0.9704638
1305031975.566604 1.0087805 1.7569834 8.7677860 -0.0347544 0.2358917 -0.0285786 0.9707371
1305031975.633271 1.0118392 1.7581351 8.7738533 -0.0346160 0.2345918 -0.0287810 0.9710510
1305031975.699937 1.0148375 1.7593892 8.7800055 -0.0343446 0.2332814 -0.0288918 0.9713730
1305031975.766604 1.0177600 1.7606331 8.7859278 -0.0340321 0.2319762 -0.0289378 0.9716952
1305031975.833271 1.0205498 1.7619643 8.7917328 -0.0337788 0.2308088 -0.0293852 0.9719685
1305031975.899937 1.0236194 1.7631885 8.7979593 -0.0336815 0.2294181 -0.0291525 0.9723082
1305031975.966604 1.0267462 1.7642100 8.8044024 -0.0332482 0.2281258 -0.0291722 0.9726264
1305031976.033270 1.0298530 1.7654378 8.8107929 -0.0328913 0.2266715 -0.0294902 0.9729689
1305031976.099937 1.0327770 1.7667415 8.8167610 -0.0327543 0.2250307 -0.0293677 0.9733580
1305031976.166604 1.0357635 1.7681992 8.8227787 -0.0326509 0.2234427 -0.0291921 0.9737326
1305031976.233270 1.0385884 1.7696400 8.8284636 -0.0321811 0.2219493 -0.0290264 0.9740946
1305031976.299937 1.0414672 1.7711426 8.8347845 -0.0322304 0.2204310 -0.0289085 0.9744412
1305031976.399937 1.0458829 1.7730677 8.8439541 -0.0319244 0.2180392 -0.0284853 0.9750017
1305031976.466603 1.0487338 1.7746260 8.8499489 -0.0319635 0.2163422 -0.0283788 0.9753815
1305031976.566603 1.0529044 1.7770274 8.8589649 -0.0319177 0.2138929 -0.0281708 0.9759291
1305031976.633270 1.0556298 1.7784863 8.8647480 -0.0317441 0.2123438 -0.0281361 0.9762740
1305031976.699936 1.0585138 1.7799623 8.8710117 -0.0321080 0.2106573 -0.0277558 0.9766382
1305031976.766603 1.0614305 1.7813748 8.8773527 -0.0322276 0.2090289 -0.0276222 0.9769879
1305031976.833270 1.0641502 1.7827057 8.8831253 -0.0321090 0.2071373 -0.0275460 0.9773968
1305031976.899936 1.0669636 1.7842289 8.8891621 -0.0324298 0.2055617 -0.0274769 0.9777207
1305031976.966603 1.0697801 1.7856886 8.8951683 -0.0328314 0.2040371 -0.0271216 0.9780365
1305031977.033269 1.0726575 1.7871066 8.9013348 -0.0331202 0.2023852 -0.0267799 0.9783793
1305031977.099936 1.0755678 1.7884420 8.9074841 -0.0335099 0.2006445 -0.0265604 0.9787306
1305031977.166603 1.0784385 1.7898575 8.9137897 -0.0340077 0.1992614 -0.0263497 0.9790016
1305031977.233269 1.0813375 1.7913065 8.9200830 -0.0344055 0.1977365 -0.0260629 0.9793045
1305031977.399936 1.0886317 1.7950696 8.9359646 -0.0360009 0.1937967 -0.0256270 0.9800459
1305031977.533269 1.0942025 1.7980534 8.9484339 -0.0373483 0.1905442 -0.0253700 0.9806398
1305031977.599936 1.0970575 1.7996546 8.9547825 -0.0379662 0.1890971 -0.0251740 0.9809012
1305031977.666602 1.0998737 1.8012078 8.9611225 -0.0388844 0.1874830 -0.0249560 0.9811806
1305031977.733269 1.1026248 1.8026772 8.9675846 -0.0396640 0.1860345 -0.0248407 0.9814280
1305031977.833269 1.1068898 1.8048931 8.9774857 -0.0409089 0.1838561 -0.0242381 0.9818024
1305031977.899935 1.1097927 1.8064207 8.9841070 -0.0416681 0.1823325 -0.0240287 0.9820597
1305031977.999935 1.1140901 1.8086149 8.9943466 -0.0429385 0.1802951 -0.0235595 0.9823924
1305031978.099935 1.1184540 1.8108137 9.0045166 -0.0444459 0.1780413 -0.0229342 0.9827512
1305031978.166602 1.1213413 1.8122576 9.0111418 -0.0452760 0.1766269 -0.0226778 0.9829745
1305031978.266602 1.1256772 1.8144836 9.0213614 -0.0465892 0.1745943 -0.0222228 0.9832866
1305031978.399935 1.1314771 1.8176548 9.0353203 -0.0481947 0.1720713 -0.0217694 0.9836640
1305031978.499935 1.1359413 1.8200513 9.0459385 -0.0492788 0.1701365 -0.0214657 0.9839535
1305031978.633268 1.1416787 1.8232585 9.0602293 -0.0507504 0.1678436 -0.0212668 0.9842767
1305031978.733268 1.1460633 1.8257246 9.0710564 -0.0516255 0.1661335 -0.0211785 0.9845232
1305031978.866601 1.1518594 1.8290179 9.0857010 -0.0529607 0.1637907 -0.0210311 0.9848480
1305031978.966601 1.1560823 1.8315197 9.0966539 -0.0538428 0.1620443 -0.0212643 0.9850840
1305031979.066601 1.1605045 1.8340714 9.1081333 -0.0545728 0.1603453 -0.0211736 0.9853237
1305031979.199934 1.1661558 1.8374494 9.1232204 -0.0556856 0.1580610 -0.0214227 0.9856251
1305031979.333267 1.1718851 1.8409722 9.1387806 -0.0565269 0.1558908 -0.0215197 0.9859207
1305031979.433267 1.1760653 1.8436499 9.1503325 -0.0571147 0.1542451 -0.0216956 0.9861418
1305031979.566600 1.1816368 1.8472481 9.1659660 -0.0579739 0.1520293 -0.0217363 0.9864349
1305031979.666600 1.1857162 1.8499007 9.1776886 -0.0587593 0.1503527 -0.0216931 0.9866462
1305031979.766600 1.1898683 1.8526887 9.1896620 -0.0594500 0.1487520 -0.0215812 0.9868500
1305031979.899933 1.1952821 1.8564055 9.2058001 -0.0604047 0.1467238 -0.0212490 0.9871027
